9 0.209375 0.27109375 0.05234375 0.08125
9 0.39921875 0.26328125 0.07890625 0.07890625
9 0.28359375 0.26875 0.0875 0.0921875
9 0.484375 0.278125 0.06796875 0.07421875
9 0.50078125 0.11328125 0.08359375 0.0515625
9 0.56640625 0.3078125 0.08359375 0.05859375
9 0.6140625 0.24296875 0.07265625 0.0765625
9 0.71328125 0.23828125 0.0703125 0.08515625
10 0.2671875 0.384375 0.11640625 0.103125
10 0.44375 0.3859375 0.0875 0.10546875
15 0.609375 0.38671875 0.11640625 0.09453125
15 0.76328125 0.37890625 0.11171875 0.10546875