15 0.059375 0.4984375 0.084375 0.13359375
15 0.61484375 0.565625 0.06328125 0.11875
8 0.046875 0.3765625 0.08203125 0.06796875
15 0.13125 0.55546875 0.04140625 0.11484375
15 0.203125 0.5484375 0.0609375 0.13828125
15 0.284375 0.58984375 0.0515625 0.13125
15 0.43125 0.55078125 0.05546875 0.11484375
15 0.5078125 0.53359375 0.065625 0.1078125
15 0.821875 0.603125 0.04140625 0.0984375
15 0.89296875 0.55703125 0.04453125 0.084375
15 0.9578125 0.54609375 0.0359375 0.07734375
9 0.065625 0.3703125 0.0484375 0.0328125
9 0.128125 0.459375 0.0375 0.03125
9 0.2078125 0.43359375 0.0375 0.03515625
9 0.2828125 0.4828125 0.0484375 0.040625
9 0.33125 0.46875 0.0359375 0.0421875
9 0.44765625 0.46328125 0.05703125 0.0453125
9 0.5140625 0.43515625 0.02890625 0.03203125
9 0.5859375 0.4484375 0.0375 0.0359375
9 0.625 0.4890625 0.0296875 0.02265625
9 0.82265625 0.52578125 0.034375 0.0296875
9 0.8953125 0.496875 0.034375 0.02890625
9 0.95859375 0.47734375 0.03046875 0.0296875