9 0.7078125 0.215625 0.06796875 0.06015625
9 0.5609375 0.21171875 0.0734375 0.0515625
15 0.16953125 0.434375 0.1296875 0.196875
9 0.2546875 0.13984375 0.0421875 0.03515625
9 0.43515625 0.23125 0.08359375 0.1265625
15 0.415625 0.39140625 0.08828125 0.19609375
15 0.69921875 0.37734375 0.09453125 0.2125
9 0.19296875 0.24921875 0.05625 0.0578125
9 0.3078125 0.15390625 0.04453125 0.0328125
15 0.53984375 0.353125 0.09296875 0.16796875
9 0.059375 0.14765625 0.03125 0.03046875
15 0.25546875 0.23984375 0.0578125 0.11328125
15 0.3625 0.2546875 0.04921875 0.07890625
9 0.3546875 0.16640625 0.03515625 0.03984375
9 0.85625 0.24609375 0.07421875 0.0796875
10 0.83359375 0.3171875 0.06640625 0.11171875
25 0.17734375 0.56328125 0.15625 0.640625
25 0.41328125 0.5140625 0.11484375 0.55703125
25 0.53671875 0.47890625 0.13203125 0.56484375
25 0.69609375 0.49453125 0.10390625 0.575
25 0.83671875 0.3046875 0.11484375 0.2015625
25 0.359375 0.2171875 0.0625 0.13046875
25 0.2609375 0.321875 0.06796875 0.3765625
25 0.46953125 0.20234375 0.06796875 0.11796875
25 0.30390625 0.2703125 0.034375 0.25859375
25 0.059375 0.18828125 0.04140625 0.1203125
25 0.15703125 0.18984375 0.05390625 0.096875
25 0.1109375 0.1828125 0.02421875 0.11484375
18 0.1125 0.14609375 0.0171875 0.05234375
18 0.1359375 0.1515625 0.0296875 0.0421875
18 0.465625 0.1625 0.03828125 0.0578125
18 0.415625 0.14921875 0.02578125 0.0421875
19 0.378125 0.28984375 0.040625 0.5796875