15 0.7828125 0.63359375 0.06171875 0.14375
15 0.48203125 0.521875 0.071875 0.07734375
15 0.66640625 0.52421875 0.0515625 0.08515625
15 0.2828125 0.56015625 0.03984375 0.0671875
15 0.37265625 0.53828125 0.0453125 0.0859375
15 0.13359375 0.578125 0.0546875 0.10078125
15 0.63125 0.51953125 0.078125 0.09296875
9 0.621875 0.4421875 0.0390625 0.03203125
9 0.4578125 0.44609375 0.03515625 0.040625
9 0.7515625 0.48046875 0.04765625 0.04140625
9 0.2828125 0.46875 0.03203125 0.03359375
9 0.12890625 0.50078125 0.0453125 0.04609375
9 0.66796875 0.44296875 0.040625 0.03125