17 0.48515625 0.13984375 0.0703125 0.09453125
17 0.0796875 0.190625 0.059375 0.09453125
17 0.21796875 0.26484375 0.05078125 0.1015625
17 0.6671875 0.271875 0.07890625 0.10703125
17 0.35 0.28046875 0.059375 0.0859375
24 0.0828125 0.390625 0.1140625 0.2765625
24 0.01640625 0.40390625 0.0328125 0.1390625
24 0.48359375 0.42265625 0.12890625 0.340625
24 0.2296875 0.42265625 0.096875 0.2390625
24 0.14375 0.4296875 0.03828125 0.15859375
24 0.421875 0.475 0.0265625 0.11953125
24 0.30234375 0.48671875 0.01796875 0.14296875
24 0.2765625 0.49375 0.0296875 0.10546875
24 0.53125 0.496875 0.04765625 0.20546875
24 0.384375 0.50234375 0.05078125 0.1625
24 0.178125 0.503125 0.01875 0.0859375
6 0.01328125 0.50390625 0.02421875 0.0484375
24 0.3421875 0.5046875 0.1046875 0.28203125
6 0.1328125 0.515625 0.01796875 0.04140625
22 0.0796875 0.53515625 0.159375 0.565625
22 0.23046875 0.559375 0.11953125 0.50859375
6 0.415625 0.58828125 0.01953125 0.084375
22 0.64375 0.60390625 0.22578125 0.79140625
24 0.65625 0.6171875 0.159375 0.46796875
22 0.3453125 0.62109375 0.12109375 0.52109375
22 0.4703125 0.621875 0.1609375 0.75546875
24 0.55 0.678125 0.05625 0.25546875
24 0.7296875 0.74609375 0.0671875 0.20703125