7 0.2703125 0.190625 0.06796875 0.0859375
17 0.43359375 0.2703125 0.075 0.11640625
17 0.94453125 0.31328125 0.06015625 0.090625
17 0.57578125 0.375 0.0671875 0.128125
17 0.7375 0.43046875 0.06015625 0.096875
24 0.396875 0.54453125 0.1109375 0.41796875
24 0.55546875 0.559375 0.1140625 0.325
24 0.9125 0.58359375 0.12578125 0.33203125
24 0.3296875 0.5953125 0.04609375 0.215625
24 0.20625 0.603125 0.18359375 0.65
24 0.45625 0.615625 0.02109375 0.1390625
24 0.84375 0.63125 0.04375 0.1625
24 0.4890625 0.6359375 0.040625 0.12109375
24 0.60234375 0.65 0.025 0.1140625
24 0.9828125 0.653125 0.03046875 0.18203125
24 0.6640625 0.66953125 0.05859375 0.1765625
24 0.70625 0.671875 0.121875 0.321875
24 0.765625 0.67421875 0.05390625 0.1859375
22 0.3828125 0.67890625 0.153125 0.64140625
22 0.5421875 0.70546875 0.13671875 0.584375
22 0.91171875 0.715625 0.1765625 0.565625
22 0.7109375 0.75234375 0.15 0.4953125
17 0.2453125 0.1109375 0.14375 0.134375